2 -> (-1, -1)
0 -> (6, 0)
27 -> (-1, -1)
2 -> (-1, -1)
0 -> (7, 0)
27 -> (-1, -1)
2 -> (-1, -1)
0 -> (8, 0)
27 -> (-1, -1)
2 -> (-1, -1)
0 -> (9, 0)
18 -> (-1, -1)
1 -> (3, 0)
27 -> (-1, -1)
2 -> (-1, -1)
0 -> (11, 0)
18 -> (-1, -1)
1 -> (9, 1)
27 -> (-1, -1)
2 -> (-1, -1)
0 -> (12, 0)
18 -> (-1, -1)
1 -> (9, 1)
27 -> (-1, -1)
2 -> (-1, -1)
0 -> (1, 0)
27 -> (-1, -1)
0 -> (6, 0)
18 -> (-1, -1)
12 -> (-1, -1)
25 -> (-1, -1)
1 -> (6, 1)
26 -> (-1, -1)
27 -> (-1, -1)
0 -> (7, 0)
18 -> (-1, -1)
12 -> (-1, -1)
25 -> (-1, -1)
1 -> (6, 1)
26 -> (-1, -1)
27 -> (-1, -1)
0 -> (7, 0)
18 -> (-1, -1)
12 -> (-1, -1)
25 -> (-1, -1)
1 -> (6, 1)
26 -> (-1, -1)
27 -> (-1, -1)
8 -> (-1, -1)
25 -> (-1, -1)
0 -> (6, 0)
22 -> (-1, -1)
0 -> (7, 0)
26 -> (-1, -1)
28 -> (-1, -1)
0 -> (11, 0)
18 -> (-1, -1)
0 -> (6, 0)
27 -> (-1, -1)
29 -> (-1, -1)
9 -> (-1, -1)
28 -> (-1, -1)
0 -> (11, 0)
18 -> (-1, -1)
0 -> (7, 0)
27 -> (-1, -1)
29 -> (-1, -1)
8 -> (-1, -1)
25 -> (-1, -1)
0 -> (8, 0)
22 -> (-1, -1)
0 -> (9, 0)
26 -> (-1, -1)
28 -> (-1, -1)
0 -> (12, 0)
18 -> (-1, -1)
0 -> (6, 0)
27 -> (-1, -1)
29 -> (-1, -1)
9 -> (-1, -1)
28 -> (-1, -1)
0 -> (12, 0)
18 -> (-1, -1)
0 -> (9, 0)
27 -> (-1, -1)
29 -> (-1, -1)
8 -> (-1, -1)
25 -> (-1, -1)
0 -> (11, 0)
22 -> (-1, -1)
0 -> (12, 0)
26 -> (-1, -1)
28 -> (-1, -1)
0 -> (1, 0)
18 -> (-1, -1)
0 -> (11, 0)
27 -> (-1, -1)
29 -> (-1, -1)
9 -> (-1, -1)
28 -> (-1, -1)
0 -> (1, 0)
18 -> (-1, -1)
0 -> (12, 0)
27 -> (-1, -1)
29 -> (-1, -1)
11 -> (-1, -1)
25 -> (-1, -1)
0 -> (1, 0)
26 -> (-1, -1)
27 -> (-1, -1)
